12
-23 -23 -1 3 6 8 -4 -5 4 5 6 -10 -11 7 8 4 -4
-4 -5 -3 -4 -5
-4 -5 -3 -4 -1
-1 -5 -3 -4 -5
-2
-4 -5 -3 -4 -1 -4 -5 2 -3 -4 -1
-4 -5 -3 -4 -1 -4 -5 -2 3 -4 -1
-4 -5 -3 -4 -1 -4 -5 -2 -3 4 -1
12 -30 4 8 -3 7 9
9 7 -3 8 4 -30 12
-2 2 -1 2 -1 2 -2 -2 -2 1 1 1 -2 1 1 1 1 1 -2 1 1 1 1 -3 -3 -3 2 -3 -3 -3 1 1 1 -2 1 1 1 -2 1 1 1 -1 1 1 1 -2
-2 1 1 1 -1 1 1 1 -2 1 1 1 -2 1 1 1 -3 -3 -3 2 -3 -3 -3 1 1 1 1 -2 1 1 1 1 1 -2 1 1 1 -2 -2 -2 2 -1 2 -1 2 -2
5 5 5 -6 10 -23 -1 3 6 8 -4 -5 4 5 6 -10 -11 7 8 4 -4
5 5 5 -6 10 -23 5 5 5 -6 10 -23 -1 3 6 8 -4 -5 4 5 6 -10 -11 7 8 4 -4
-4 4 8 7 -11 -10 6 5 4 -5 -4 8 6 3 -1 -23 10 -6 5 5 5
-4 4 8 7 -11 -10 6 5 4 -5 -4 8 6 3 -1 -23 10 -6 5 5 5 -23 10 -6 5 5 5
5 5 5 -6 10 -23 5 5 5 -6 10 -23 -1 3 6 8 -4 -5 4 5 6 -10 -11 7 8 4 -4
5 5 5 -6 10 -23 5 5 5 -6 10 -23 5 5 5 -6 10 -23 -1 3 6 8 -4 -5 4 5 6 -10 -11 7 8 4 -4
-1 2 -3 4 -5 6 -7 8 -9 10 -6 -1 2 -3 4 -5 6 -7 8 -9 8 -11
-9 8 -7 6 -5 4 -3 2 -1 0 -4 -5 1 -2 3 -4 5 -6 7 -8
-9 8 -7 6 -5 4 -3 2 -1 0 -4 -5 1 -2 3 -4 5 -6 9 -8
9 8 -7 6 -5 4 -3 2 -1 0 -4 -5 1 -2 3 -4 5 -6 7 -8
-9 8 -7 6 -5 4 -3 2 -1 0 -4 -5 1 -2 3 -4 5 -6 7 8